NE 1 Albany - 10.0 3.5 21.0 11.0 2.0 3.0 23.5 18.0 9.5 7.5 10.0 8.0 7.0 5.0 6.0 17.0 18.5 12.0 5.5 22.0 14.5 17.0 18.5 7.5 11.0 12.5 8.5 28.0 13.5 30.5 8.5 12.5
SE 2 Atlanta 10.0 - 7.0 19.0 1.5 11.0 9.5 21.5 25.5 3.0 2.5 1.5 7.5 5.0 7.5 6.0 8.0 15.5 9.5 7.5 14.5 13.5 8.0 8.5 6.0 3.5 9.0 2.0 23.0 5.5 23.0 4.5 4.0
NE 3 Baltimore 3.5 7.0 - 21.0 8.0 4.0 4.0 23.0 18.0 5.5 4.0 6.5 8.0 6.0 4.5 5.0 14.5 18.0 11.5 6.0 21.0 14.5 14.5 15.0 7.0 8.0 12.0 5.5 27.5 11.0 29.0 7.0 9.5
NW 4 Billings 21.0 19.0 21.0 - 18.0 23.0 18.0 2.5 3.5 22.5 21.0 18.0 13.0 15.5 16.0 16.0 15.0 6.5 10.5 15.5 14.0 6.5 15.0 17.5 14.5 22.5 10.5 18.5 11.0 15.5 14.5 16.0 15.5
SC 5 Birmingham 11.0 1.5 8.0 18.0 - 12.0 9.0 20.0 14.0 5.0 4.0 1.5 6.5 5.0 7.5 6.0 6.5 13.5 8.0 7.5 13.0 13.0 6.5 7.0 5.0 4.5 7.5 2.5 23.5 4.0 21.0 4.0 2.5
NE 6 Boston 2.0 11.0 4.0 23.0 12.0 - 5.0 25.5 20.0 9.5 8.5 11.5 10.0 9.5 7.0 8.0 18.5 20.5 14.0 7.5 24.0 16.5 19.5 19.5 9.5 12.0 14.5 9.5 30.0 15.0 32.5 10.5 14.0
NE 7 Buffalo 3.0 9.5 4.0 18.0 9.0 5.0 - 20.5 15.0 9.5 8.0 8.0 5.0 4.5 2.0 3.0 14.0 15.5 9.0 2.5 19.0 11.5 14.0 15.5 4.5 12.0 9.5 7.5 25.0 10.5 27.5 5.5 9.5
NW 8 Butte 23.5 21.5 23.0 2.5 20.0 25.5 20.5 - 5.5 26.0 17.5 14.0 15.0 18.0 18.5 18.5 17.5 9.0 14.0 18.0 16.0 9.0 17.5 20.0 17.0 24.5 13.0 21.0 9.0 18.0 12.0 18.0 17.5
NW 9 Casper 18.0 25.5 18.0 3.5 14.0 20.0 15.0 5.5 - 19.0 17.5 14.0 10.0 12.5 13.5 13.0 11.5 3.5 6.5 12.5 9.5 7.5 11.5 14.5 11.5 18.5 7.0 14.5 12.0 11.5 15.0 12.0 12.0
SE 10 Charleston 9.5 3.0 5.5 22.5 5.0 9.5 9.5 26.0 19.0 - 2.5 4.5 10.0 7.0 9.5 8.5 11.5 18.5 13.0 10.0 19.0 16.5 11.5 11.5 8.0 2.5 12.0 4.0 26.5 8.5 26.0 7.0 7.5
SE 11 Charlotte 7.5 2.5 4.0 21.0 4.0 8.5 8.0 17.5 17.5 2.5 - 4.0 8.5 5.5 6.5 6.0 11.0 18.0 11.5 8.0 17.5 15.0 11.0 11.0 6.5 4.0 11.0 2.5 26.0 8.5 25.5 5.5 7.0
SE 12 Chattanooga 10.0 1.5 6.5 18.0 1.5 11.5 8.0 14.0 14.0 4.5 4.0 - 6.0 3.5 6.0 4.5 9.0 14.0 8.0 6.0 15.5 12.5 9.0 8.5 4.5 5.0 7.5 1.0 24.0 5.5 23.5 3.0 4.0
NC 13 Chicago 8.0 7.5 8.0 13.0 6.5 10.0 5.0 15.0 10.0 10.0 8.5 6.0 - 3.0 3.5 3.5 9.5 10.5 3.5 2.5 14.0 6.5 9.5 12.0 2.0 11.0 4.5 5.5 19.5 6.5 22.5 3.0 5.5
NC 14 Cincinnati 7.0 5.0 6.0 15.5 5.0 9.5 4.5 18.0 12.5 7.0 5.5 3.5 3.0 - 2.5 1.0 9.5 12.5 6.5 2.5 15.5 9.0 9.5 12.5 1.0 8.5 6.0 3.0 22.5 6.5 23.5 1.0 5.0
NC 15 Cleveland 5.0 7.5 4.5 16.0 7.5 7.0 2.0 18.5 13.5 9.5 6.5 6.0 3.5 2.5 - 1.5 12.5 13.5 7.0 1.5 17.5 10.0 12.5 13.5 3.0 11.0 8.0 5.5 23.0 9.0 25.5 3.5 7.0
NC 16 Columbus 6.0 6.0 5.0 16.0 6.0 8.0 3.0 18.5 13.0 8.5 6.0 4.5 3.5 1.0 1.5 - 11.0 13.0 7.0 2.0 17.0 9.5 11.0 13.0 1.5 9.5 6.5 4.0 22.5 6.5 24.0 2.5 6.0
SC 17 Dallas 17.0 8.0 14.5 15.0 6.5 18.5 14.0 17.5 11.5 11.5 11.0 9.0 9.5 9.5 12.5 11.0 - 8.5 7.5 12.0 6.5 12.5 0.5 2.5 9.5 11.0 5.0 9.0 15.0 3.5 14.5 8.5 9.0
PL 18 Denver 18.5 15.5 18.0 6.5 13.5 20.5 15.5 9.0 3.5 18.5 18.0 14.0 10.5 12.5 13.5 13.0 8.5 - 7.0 13.0 7.5 11.5 8.5 11.0 11.5 18.0 6.5 14.5 10.0 11.0 13.5 12.0 11.0
PL 19 Des Moines 12.0 9.5 11.5 10.5 8.0 14.0 9.0 14.0 6.5 13.0 11.5 8.0 3.5 6.5 7.0 7.0 7.5 7.0 - 6.5 11.5 5.0 7.5 10.0 5.5 13.0 2.0 9.0 16.0 7.0 19.5 6.0 6.5
NC 20 Detroit 5.5 7.5 6.0 15.5 7.5 7.5 2.5 18.0 12.5 10.0 8.0 6.0 2.5 2.5 1.5 2.0 12.0 13.0 6.5 - 16.5 9.0 12.0 13.5 3.0 11.0 7.0 5.0 22.5 9.0 25.0 3.5 7.5
SW 21 El Paso 22.0 14.5 21.0 14.0 13.0 24.0 19.0 16.0 9.5 19.0 17.5 15.5 14.0 15.5 17.5 17.0 6.5 7.5 11.5 16.5 - 16.5 6.5 8.5 15.0 17.5 9.5 15.5 13.0 10.0 8.0 15.0 11.5
PL 22 Fargo 14.5 13.5 14.5 6.5 13.0 16.5 11.5 9.0 7.5 16.5 15.0 12.5 6.5 9.0 10.0 9.5 12.5 11.5 5.0 9.0 16.5 - 12.5 15.0 8.0 17.0 7.0 12.0 17.5 12.0 21.0 9.5 11.0
SC 23 Fort Worth 17.0 8.0 14.5 15.0 6.5 19.5 14.0 17.5 11.5 11.5 11.0 9.0 9.5 9.5 12.5 11.0 0.5 8.5 7.5 12.0 6.5 12.5 - 2.5 9.5 11.0 5.0 9.0 16.0 4.0 14.5 8.5 9.0
SC 24 Houston 18.5 8.5 15.0 17.5 7.0 19.5 15.5 20.0 14.5 11.5 11.0 8.5 12.0 12.5 13.5 13.0 2.5 11.0 10.0 13.5 8.5 15.0 2.5 - 11.0 9.5 8.0 9.5 17.0 4.5 16.5 10.0 6.0
NC 25 Indianapolis 7.5 6.0 7.0 14.5 5.0 9.5 4.5 17.0 11.5 8.0 6.5 4.5 2.0 1.0 3.0 1.5 9.5 11.5 5.5 3.0 15.0 8.0 9.5 11.0 - 9.5 5.0 4.0 21.5 5.0 22.5 1.0 5.0
SE 26 Jacksonville 11.0 3.5 8.0 22.5 4.5 12.0 12.0 24.5 18.5 2.5 4.0 5.0 11.0 8.5 11.0 9.5 11.0 18.0 13.0 11.0 17.5 17.0 11.0 9.5 9.5 - 11.5 5.5 26.0 8.0 26.0 8.0 7.0
PL 27 Kansas City 12.5 9.0 12.0 10.5 7.5 14.5 9.5 13.0 7.0 12.0 11.0 7.5 4.5 6.0 8.0 6.5 5.0 6.5 2.0 7.0 9.5 7.0 5.0 8.0 5.0 11.5 - 8.0 16.5 5.0 17.5 5.5 5.0
SE 28 Knoxville 8.5 2.0 5.5 18.5 2.5 9.5 7.5 21.0 14.5 4.0 2.5 1.0 5.5 3.0 5.5 4.0 9.0 14.5 9.0 5.0 15.5 12.0 9.0 9.5 4.0 5.5 8.0 - 24.5 5.5 23.5 3.0 4.0
SW 29 Las Vegas 28.0 23.0 27.5 11.0 23.5 30.0 25.0 9.0 12.0 26.5 26.0 24.0 19.5 22.5 23.0 22.5 15.0 10.0 16.0 22.5 13.0 17.5 16.0 17.0 21.5 26.0 16.5 24.5 - 19.0 3.0 21.5 21.0
SC 30 Little Rock 13.5 5.5 11.0 15.5 4.0 15.0 10.5 18.0 11.5 8.5 8.5 5.5 6.5 6.5 9.0 6.5 3.5 11.0 7.0 9.0 10.0 12.0 4.0 4.5 5.0 8.0 5.0 5.5 19.0 - 18.5 5.0 1.5
SW 31 Los Angeles 30.5 23.0 29.0 14.5 21.0 32.5 27.5 12.0 15.0 26.0 25.5 23.5 22.5 23.5 25.5 24.0 14.5 13.5 19.5 25.0 8.0 21.0 14.5 16.5 22.5 26.0 17.5 23.5 3.0 18.5 - 23.0 19.5
SC 32 Louisville 8.5 4.5 7.0 16.0 4.0 10.5 5.5 18.0 12.0 7.0 5.5 3.0 3.0 1.0 3.5 2.5 8.5 12.0 6.0 3.5 15.0 9.5 8.5 10.0 1.0 8.0 5.5 3.0 21.5 5.0 23.0 - 4.0
SC 33 Memphis 12.5 4.0 9.5 15.5 2.5 14.0 9.5 17.5 12.0 7.5 7.0 4.0 5.5 5.0 7.0 6.0 9.0 11.0 6.5 7.5 11.5 11.0 9.0 6.0 5.0 7.0 5.0 4.0 21.0 1.5 19.5 4.0 -
SE 34 Miami 15.0 7.0 11.5 26.0 8.0 16.0 15.5 28.5 22.0 6.0 7.5 8.5 14.5 12.0 14.5 13.0 14.5 22.0 16.5 14.5 21.5 21.0 14.5 13.5 13.0 3.0 15.5 9.0 30.0 11.5 29.5 12.0 10.5
NC 35 Milwaukee 9.0 8.0 8.0 12.0 7.5 11.0 6.0 14.5 10.0 11.0 9.5 7.0 1.0 3.5 4.0 4.0 10.5 10.5 3.5 3.5 14.5 5.5 10.5 11.0 2.5 11.5 5.5 6.5 19.5 7.5 22.5 4.0 6.0
PL 36 Minneapolis/St. Paul12.5 11.5 12.0 9.0 10.5 14.0 9.0 11.0 8.0 14.0 12.5 10.0 4.0 7.0 7.5 7.5 10.0 9.0 2.5 6.5 14.0 2.5 10.0 12.5 6.0 15.0 5.0 9.5 18.0 9.5 21.5 7.0 9.0
SE 37 Mobile 13.5 3.5 10.5 19.0 3.0 14.5 12.0 21.0 15.5 6.0 6.0 5.0 8.5 7.5 10.0 8.0 6.0 15.0 10.0 10.0 13.0 14.5 6.0 5.0 8.0 4.0 8.5 5.5 21.5 5.0 21.0 5.5 3.5
SC 38 Nashville 10.5 3.0 7.5 16.5 2.0 12.0 7.5 18.5 12.5 6.0 5.0 1.5 4.5 3.0 5.5 4.0 7.0 12.5 6.5 5.5 13.5 11.0 7.0 8.5 3.0 6.5 6.0 2.0 22.0 3.5 22.0 2.0 2.5
SC 39 New Orleans 15.0 5.0 11.5 19.0 3.5 15.5 13.0 21.5 15.5 7.5 7.5 6.5 9.0 8.5 11.0 9.5 5.0 13.5 10.5 11.5 11.5 15.0 5.0 3.5 8.5 6.0 8.5 6.0 20.0 4.5 19.5 7.5 4.0
NE 40 New York 1.5 8.5 2.0 22.0 10.0 2.5 4.0 24.0 19.0 7.5 6.0 8.5 9.0 7.5 5.5 6.5 16.0 19.5 12.5 6.5 23.0 15.5 16.5 17.0 8.0 10.0 13.5 7.5 28.0 13.0 31.0 8.5 11.5
SE 41 Norfolk 6.0 5.5 2.5 22.0 7.0 7.0 6.5 25.0 19.0 4.5 4.0 6.5 9.5 7.0 6.5 7.0 14.0 19.0 13.0 8.0 21.0 16.0 14.0 14.5 8.0 6.0 13.0 5.5 29.0 11.0 29.5 8.0 9.5
PL 42 Oklahoma City 15.5 9.0 14.5 14.0 7.5 17.5 12.5 16.5 10.5 12.0 11.5 9.0 8.0 9.0 10.5 10.0 2.5 7.5 5.5 10.5 7.0 10.5 2.5 5.0 7.5 12.0 3.5 9.0 15.5 3.5 15.0 8.5 5.0
PL 43 Omaha 13.0 10.0 13.0 9.0 9.0 15.0 10.0 11.5 5.0 13.5 12.5 9.0 5.0 7.5 8.5 8.0 7.0 5.5 1.5 7.5 11.5 6.0 7.0 9.5 6.5 13.5 2.0 9.5 15.0 7.0 18.0 7.0 6.5
NE 44 Philadelphia 2.5 7.5 1.0 21.0 9.0 3.0 4.0 23.5 18.0 8.0 5.0 7.5 8.0 6.5 5.0 5.5 15.5 18.5 11.5 6.5 22.0 14.5 15.5 16.0 7.0 9.0 12.0 6.5 28.0 12.0 30.0 8.0 10.5
SW 45 Phoenix 27.5 19.0 27.0 19.0 17.5 29.5 24.5 16.5 14.0 22.5 24.0 19.0 19.5 21.0 22.5 21.5 11.0 10.5 17.0 22.0 4.5 22.0 11.0 13.0 20.0 22.0 15.0 21.5 7.5 16.0 4.5 22.5 17.5
NE 46 Pittsburgh 5.5 8.0 3.5 17.5 8.0 6.5 2.5 20.0 14.5 8.0 6.0 7.0 4.5 3.0 1.5 2.0 13.0 15.0 8.5 3.0 18.5 11.0 13.0 14.5 3.5 10.5 9.0 6.0 24.5 9.5 26.5 4.5 8.0
NW 47 Pocatello 23.5 21.0 23.5 5.0 20.5 25.5 20.5 2.5 7.5 24.0 23.0 21.5 15.0 18.0 19.0 18.5 15.0 6.0 12.0 18.0 13.5 13.5 15.0 17.5 17.0 23.5 12.5 20.5 6.0 16.0 9.0 17.5 17.0
NE 48 Portland ME 3.0 12.0 5.5 24.0 13.5 1.0 6.0 26.5 21.5 11.0 9.5 12.0 11.5 10.5 8.0 9.5 19.5 21.5 15.0 8.5 25.5 17.5 20.5 20.5 10.5 13.0 16.0 10.5 26.0 18.0 33.5 11.5 15.0
NW 49 Portland OR 30.0 28.0 30.5 9.5 26.5 32.0 27.0 7.0 13.0 31.0 30.5 26.5 22.0 24.5 25.5 25.5 22.5 13.5 19.0 25.0 20.0 16.0 22.5 25.0 24.5 31.5 19.5 27.5 13.5 24.5 12.0 24.5 25.0
PL 50 Pueblo 18.5 15.0 18.0 7.5 13.5 21.0 15.5 10.0 4.5 18.5 18.0 14.0 10.5 12.5 13.5 13.0 7.5 1.0 7.0 13.0 6.0 12.5 7.5 10.0 11.5 18.0 6.0 14.5 11.0 10.0 13.5 12.0 11.0
NW 51 Rapid City 17.0 16.0 17.0 5.0 14.5 20.5 14.0 7.5 3.0 19.0 18.0 14.5 9.0 12.0 12.5 13.5 12.5 5.5 7.0 13.0 13.0 4.5 12.5 15.5 11.0 19.0 7.5 15.0 14.0 12.5 17.5 12.5 12.5
SW 52 Reno 25.5 26.0 28.5 12.0 23.0 30.5 25.5 9.5 12.5 29.5 27.5 24.5 20.0 23.0 23.5 23.5 19.0 11.5 17.0 23.0 10.5 15.0 19.0 22.0 22.0 27.5 17.5 25.0 8.0 21.5 6.0 22.5 20.5
SE 53 Richmond 5.0 6.0 1.5 21.5 7.5 5.5 5.5 23.5 18.5 4.0 3.5 6.0 8.5 6.0 5.5 5.5 14.0 18.5 12.0 7.0 20.5 15.0 14.0 14.5 7.0 6.5 12.0 5.0 28.0 10.5 28.5 7.0 9.0
SW 54 Sacramento 27.0 27.0 30.0 13.5 24.0 32.0 27.0 11.0 14.0 31.0 29.0 26.0 22.0 24.5 25.0 25.0 19.5 13.0 18.0 24.5 12.0 20.0 19.5 21.0 23.5 29.0 19.0 26.5 6.5 21.5 5.0 24.0 22.0
NW 55 Salt Lake City 23.5 20.5 23.0 6.5 19.0 25.5 20.5 4.5 7.5 23.5 22.5 20.5 15.0 18.0 18.5 18.0 13.5 5.5 11.5 18.0 12.5 13.0 13.5 16.0 17.0 23.5 12.0 20.0 4.5 16.0 8.0 17.0 16.5
SC 56 San Antonio 19.5 10.5 17.0 17.5 9.5 21.0 16.5 19.5 14.0 13.5 13.5 10.5 12.0 12.5 14.5 13.5 2.5 11.0 10.0 14.0 6.0 15.0 2.5 2.0 11.5 12.0 8.0 11.5 14.5 6.0 14.5 11.5 7.5
SW 57 San Diego 31.5 22.5 28.5 15.5 21.0 32.5 27.0 13.0 16.5 26.0 25.5 23.5 22.0 23.5 25.0 24.0 14.5 14.5 20.5 24.5 8.0 22.0 14.5 16.0 22.5 25.5 17.5 23.5 4.5 18.0 1.5 22.5 19.0
SW 58 San Fran/Oakland 31.0 27.0 30.5 14.0 25.5 33.0 28.0 12.0 15.0 30.5 30.0 27.0 22.5 25.5 26.0 26.5 19.5 13.5 19.0 25.5 13.0 20.5 19.5 21.0 24.5 30.0 19.5 27.0 6.5 21.5 4.5 24.5 23.0
NW 59 Seattle 31.5 28.0 29.5 9.0 27.0 31.5 26.5 6.5 12.5 31.5 30.0 27.0 21.5 24.0 25.0 25.0 24.0 15.5 19.5 24.0 22.0 15.0 24.0 26.5 23.0 31.5 19.5 27.0 15.0 26.5 13.5 25.0 24.5
SC 60 Shreveport 16.0 6.5 12.5 16.0 4.5 16.5 14.0 18.5 12.5 9.5 9.0 7.0 8.5 8.5 11.0 11.5 2.0 10.0 8.0 10.5 8.5 13.0 2.0 2.5 9.0 9.0 5.5 8.0 17.0 2.0 16.5 8.0 4.0
NW 61 Spokane 26.5 28.0 26.5 6.0 24.0 28.5 23.5 3.5 9.0 28.0 27.0 18.5 18.5 21.0 21.5 21.5 21.0 12.5 16.5 21.0 20.0 12.0 21.0 23.5 20.0 28.0 16.5 24.0 17.0 23.0 15.5 22.0 21.5
NC 62 St. Louis 10.0 6.0 9.0 13.0 5.0 12.0 7.0 15.5 10.0 9.0 8.0 4.5 3.0 3.5 5.0 4.0 7.0 9.0 3.5 5.0 12.0 8.0 7.0 9.0 2.5 9.0 3.0 5.5 19.0 3.5 20.5 2.5 3.0
SE 63 Tampa 13.5 5.5 10.0 24.0 6.0 14.0 14.0 26.5 15.0 4.5 6.0 2.0 12.5 10.0 12.5 11.5 12.5 20.0 14.5 12.5 19.5 19.0 12.5 11.5 11.0 2.0 13.5 7.0 28.5 9.5 27.5 10.0 8.5
SW 64 Tucumcari 18.5 13.0 18.5 11.0 11.5 21.0 16.5 13.5 8.0 16.0 15.5 13.0 11.0 12.5 14.5 14.0 5.0 4.5 9.0 14.0 3.5 14.0 5.0 8.0 11.5 16.0 6.5 13.0 9.5 7.5 11.5 12.0 8.5
NE 65 Washington DC 3.5 6.5 0.5 20.5 7.5 4.5 4.5 22.5 17.5 5.0 4.0 6.0 7.5 5.5 4.5 5.0 14.0 18.0 11.0 6.0 20.5 14.0 14.0 15.0 6.5 6.0 11.5 5.0 27.5 10.5 29.0 6.5 9.5
NE 1 Albany 15.0 9.0 12.5 13.5 10.5 15.0 1.5 6.0 15.5 13.0 2.5 27.5 5.5 23.5 3.0 30.0 18.5 17.0 25.5 5.0 27.0 23.5 19.5 31.5 31.0 31.5 16.0 26.5 10.0 13.5 18.5 3.5
SE 2 Atlanta 7.0 8.0 11.5 3.5 3.0 5.0 8.5 5.5 9.0 10.0 7.5 19.0 8.0 21.0 12.0 28.0 15.0 16.0 26.0 6.0 27.0 20.5 10.5 22.5 27.0 28.0 6.5 28.0 6.0 5.5 13.0 6.5
NE 3 Baltimore 11.5 8.0 12.0 10.5 7.5 11.5 2.0 2.5 14.5 13.0 1.0 27.0 3.5 23.5 5.5 30.5 18.0 17.0 28.5 1.5 30.0 23.0 17.0 28.5 30.5 29.5 12.5 26.5 9.0 10.0 18.5 0.5
NW 4 Billings 26.0 12.0 9.0 19.0 16.5 19.0 22.0 22.0 14.0 9.0 21.0 19.0 17.5 5.0 24.0 9.5 7.5 5.0 12.0 21.5 13.5 6.5 17.5 15.5 14.0 9.0 16.0 6.0 13.0 24.0 11.0 20.5
SC 5 Birmingham 8.0 7.5 10.5 3.0 2.0 3.5 10.0 7.0 7.5 9.0 9.0 17.5 8.0 20.5 13.5 26.5 13.5 14.5 23.0 7.5 24.0 19.0 9.5 21.0 25.5 27.0 4.5 24.0 5.0 6.0 11.5 7.5
NE 6 Boston 16.0 11.0 14.0 14.5 12.0 15.5 2.5 7.0 17.5 15.0 3.0 29.5 6.5 25.5 1.0 32.0 21.0 20.5 30.5 5.5 32.0 25.5 21.0 32.5 33.0 31.5 16.5 28.5 12.0 14.0 21.0 4.5
NE 7 Buffalo 15.5 6.0 9.0 12.0 7.5 13.0 4.0 6.5 12.5 10.0 4.0 24.5 2.5 20.5 6.0 27.0 15.5 14.0 25.5 5.5 27.0 20.5 16.5 27.0 28.0 26.5 14.0 23.5 7.0 14.0 16.5 4.5
NW 8 Butte 28.5 14.5 11.0 21.0 18.5 21.5 24.0 25.0 16.5 11.5 23.5 16.5 20.0 2.5 26.5 7.0 10.0 7.5 9.5 23.5 11.0 4.5 19.5 13.0 12.0 6.5 18.5 3.5 15.5 26.5 13.5 22.5
NW 9 Casper 22.0 10.0 8.0 15.5 12.5 15.5 19.0 19.0 10.5 5.0 18.0 14.0 14.5 7.5 21.5 13.0 4.5 3.0 12.5 18.5 14.0 7.5 14.0 16.5 15.0 12.5 12.5 9.0 10.0 15.0 8.0 17.5
SE 10 Charleston 6.0 11.0 14.0 6.0 6.0 7.5 7.5 4.5 12.0 13.5 8.0 22.5 8.0 24.0 11.0 31.0 18.5 19.0 29.5 4.0 31.0 23.5 13.5 26.0 30.5 31.5 9.5 28.0 9.0 4.5 16.0 5.0
SE 11 Charlotte 7.5 9.5 12.5 6.0 5.0 7.5 6.0 4.0 11.5 12.5 5.0 24.0 6.0 23.0 9.5 30.5 18.0 18.0 27.5 3.5 29.0 22.5 13.5 25.5 30.0 30.0 9.0 27.0 8.0 6.0 15.5 4.0
SE 12 Chattanooga 8.5 7.0 10.0 5.0 1.5 6.5 8.5 6.5 9.0 9.0 7.5 19.0 7.0 21.5 12.0 26.5 14.0 14.5 24.5 6.0 26.0 20.5 10.5 23.5 27.0 27.0 7.0 18.5 4.5 2.0 13.0 6.0
NC 13 Chicago 14.5 1.0 4.0 8.5 4.5 9.0 9.0 9.5 8.0 5.0 8.0 19.5 4.5 15.0 11.5 22.0 10.5 9.0 20.0 8.5 22.0 15.0 12.0 22.0 22.5 21.5 8.5 18.5 3.0 12.5 11.0 7.5
NC 14 Cincinnati 12.0 3.5 7.0 7.5 3.0 8.5 7.5 7.0 9.0 7.5 6.5 21.0 3.0 18.0 10.5 24.5 12.5 12.0 23.0 6.0 24.5 18.0 12.5 23.5 25.5 24.0 8.5 21.0 3.5 10.0 12.5 5.5
NC 15 Cleveland 14.5 4.0 7.5 10.0 5.5 11.0 5.5 6.5 10.5 8.5 5.0 22.5 1.5 19.0 8.0 25.5 13.5 12.5 23.5 5.5 25.0 18.5 14.5 25.0 26.0 25.0 11.0 21.5 5.0 12.5 14.5 4.5
NC 16 Columbus 13.0 4.0 7.5 8.0 4.0 9.5 6.5 7.0 10.0 8.0 5.5 21.5 2.0 18.5 9.5 25.5 13.0 13.5 23.5 5.5 25.0 18.0 13.5 24.0 26.5 25.0 11.5 21.5 4.0 11.5 14.0 5.0
SC 17 Dallas 14.5 10.5 10.0 6.0 7.0 5.0 16.0 14.0 2.5 7.0 15.5 11.0 13.0 15.0 19.5 22.5 7.5 12.5 19.0 14.0 19.5 13.5 2.5 14.5 19.5 24.0 2.0 21.0 7.0 12.5 5.0 14.0
PL 18 Denver 22.0 10.5 9.0 15.0 12.5 13.5 19.5 19.0 7.5 5.5 18.5 10.5 15.0 6.0 21.5 13.5 1.0 5.5 11.5 18.5 13.0 5.5 11.0 14.5 13.5 15.5 10.0 12.5 9.0 20.0 4.5 18.0
PL 19 Des Moines 16.5 3.5 2.5 10.0 6.5 10.5 12.5 13.0 5.5 1.5 11.5 17.0 8.5 12.0 15.0 19.0 7.0 7.0 17.0 12.0 18.0 11.5 10.0 20.5 19.0 19.5 8.0 16.5 3.5 14.5 9.0 11.0
NC 20 Detroit 14.5 3.5 6.5 10.0 5.5 11.5 6.5 8.0 10.5 7.5 6.5 22.0 3.0 18.0 8.5 25.0 13.0 13.0 23.0 7.0 24.5 18.0 14.0 24.5 25.5 24.0 10.5 21.0 5.0 12.5 14.0 6.0
SW 21 El Paso 21.5 14.5 14.0 13.0 13.5 11.5 23.0 21.0 7.0 11.5 22.0 4.5 18.5 13.5 25.5 20.0 6.0 13.0 10.5 20.5 12.0 12.5 6.0 8.0 13.0 22.0 8.5 20.0 12.0 19.5 3.5 20.5
PL 22 Fargo 21.0 5.5 2.5 14.5 11.0 15.0 15.5 16.0 10.5 6.0 14.5 22.0 11.0 13.5 17.5 16.0 12.5 4.5 15.0 15.0 20.0 13.0 15.0 22.0 20.5 15.0 13.0 12.0 8.0 19.0 14.0 14.0
SC 23 Fort Worth 14.5 10.5 10.0 6.0 7.0 5.0 16.5 14.0 2.5 7.0 15.5 11.0 13.0 15.0 20.5 22.5 7.5 12.5 19.0 14.0 19.5 13.5 2.5 14.5 19.5 24.0 2.0 21.0 7.0 12.5 5.0 14.0
SC 24 Houston 13.5 11.0 12.5 5.0 8.5 3.5 17.0 14.5 5.0 9.5 16.0 13.0 14.5 17.5 20.5 25.0 10.0 15.5 22.0 14.5 21.0 16.0 2.0 16.0 21.0 26.5 2.5 23.5 9.0 11.5 8.0 15.0
NC 25 Indianapolis 13.0 2.5 6.0 8.0 3.0 8.5 8.0 8.0 7.5 6.5 7.0 20.0 3.5 17.0 10.5 24.5 11.5 11.0 22.0 7.0 23.5 17.0 11.5 22.5 24.5 23.0 9.0 20.0 2.5 11.0 11.5 6.5
SE 26 Jacksonville 3.0 11.5 15.0 4.0 6.5 6.0 10.0 6.0 12.0 13.5 9.0 22.0 10.5 23.5 13.0 31.5 18.0 19.0 27.5 6.5 29.0 23.5 12.0 25.5 30.0 31.5 9.0 28.0 9.0 2.0 16.0 6.0
PL 27 Kansas City 15.5 5.5 5.0 8.5 6.0 8.5 13.5 13.0 3.5 2.0 12.0 15.0 9.0 12.5 16.0 19.5 6.0 7.5 17.5 12.0 19.0 12.0 8.0 17.5 19.5 19.5 5.5 16.5 3.0 13.5 6.5 11.5
SE 28 Knoxville 9.0 6.5 9.5 5.5 2.0 6.0 7.5 5.5 9.0 9.5 6.5 21.5 6.0 20.5 10.5 27.5 14.5 15.0 25.0 5.0 26.5 20.0 11.5 23.5 27.0 27.0 8.0 24.0 5.5 7.0 13.0 5.0
SW 29 Las Vegas 30.0 19.5 18.0 21.5 22.0 20.0 28.0 29.0 15.5 15.0 28.0 7.5 24.5 6.0 26.0 13.5 11.0 14.0 8.0 28.0 6.5 4.5 14.5 4.5 6.5 15.0 17.0 17.0 19.0 28.5 9.5 27.5
SC 30 Little Rock 11.5 7.5 9.5 5.0 3.5 4.5 13.0 11.0 3.5 7.0 12.0 16.0 9.5 16.0 18.0 24.5 10.0 12.5 21.5 10.5 21.5 16.0 6.0 18.0 21.5 26.5 2.0 23.0 3.5 9.5 7.5 10.5
SW 31 Los Angeles 29.5 22.5 21.5 21.0 22.0 19.5 31.0 29.5 15.0 18.0 30.0 4.5 26.5 9.0 33.5 12.0 13.5 17.5 6.0 28.5 5.0 8.0 14.5 1.5 4.5 13.5 16.5 15.5 20.5 27.5 11.5 29.0
SC 32 Louisville 12.0 4.0 7.0 5.5 2.0 7.5 8.5 8.0 8.5 7.0 8.0 22.5 4.5 17.5 11.5 24.5 12.0 12.5 22.5 7.0 24.0 17.0 11.5 22.5 24.5 25.0 8.0 22.0 2.5 10.0 12.0 6.5
SC 33 Memphis 10.5 6.0 9.0 3.5 2.5 4.0 11.5 9.5 5.0 6.5 10.5 17.5 8.0 17.0 15.0 25.0 11.0 12.5 20.5 9.0 22.0 16.5 7.5 19.0 23.0 24.5 4.0 21.5 3.0 8.5 8.5 9.5
SE 34 Miami - 15.5 18.5 8.5 10.0 10.0 13.5 9.5 15.5 17.0 12.5 26.0 14.0 27.5 17.0 35.0 21.5 22.5 33.0 10.0 33.5 27.0 15.5 29.0 33.5 35.0 12.5 32.0 13.0 2.0 19.5 11.0
NC 35 Milwaukee 15.5 - 3.5 9.0 5.5 10.0 10.0 10.5 8.5 5.0 9.0 19.5 5.5 15.5 12.0 21.5 11.5 9.0 20.5 9.5 22.0 15.0 13.0 23.0 22.5 21.0 8.5 18.0 3.5 13.5 11.0 8.5
PL 36 Minneapolis/St. Paul18.5 3.5 - 12.5 8.5 12.5 13.0 13.5 8.0 3.5 12.0 19.5 8.5 13.5 15.5 18.0 9.5 5.0 19.0 12.5 20.5 13.5 12.5 22.5 21.0 17.5 10.5 14.5 5.5 16.5 11.5 11.5
SE 37 Mobile 8.5 9.0 12.5 - 5.0 1.5 12.0 9.5 8.0 10.5 11.0 17.5 10.5 22.5 14.5 28.5 14.0 16.0 25.0 9.5 26.0 19.5 7.0 21.0 26.0 28.0 4.5 25.0 6.5 6.5 11.5 10.0
SC 38 Nashville 10.0 5.5 8.5 5.0 - 5.5 9.5 8.0 7.5 7.5 8.5 19.5 6.0 19.0 13.0 25.0 12.5 13.0 23.0 7.0 24.5 19.0 10.0 21.5 25.5 25.5 6.5 22.5 3.0 8.0 11.0 7.0
SC 39 New Orleans 10.0 10.0 12.5 1.5 5.5 - 13.5 10.0 7.5 10.5 12.5 16.0 11.5 18.5 16.5 27.5 13.5 15.5 22.0 10.5 23.5 18.5 5.5 19.5 24.5 29.0 3.0 26.0 7.0 8.0 10.0 11.0
NE 40 New York 13.5 10.0 13.0 12.0 9.5 13.5 - 4.5 16.0 14.0 1.0 28.0 4.5 24.5 3.5 31.0 19.5 18.0 29.5 3.5 31.0 24.0 19.0 30.5 31.5 30.5 15.5 27.5 10.5 12.0 20.0 2.0
SE 41 Norfolk 9.5 10.5 13.5 9.5 8.0 10.0 4.5 - 15.0 14.0 3.5 26.5 5.0 24.5 8.0 32.0 19.0 19.5 28.5 1.0 31.0 24.5 16.0 28.0 32.0 31.0 12.0 28.0 10.0 8.0 18.5 2.5
PL 42 Oklahoma City 15.5 8.5 8.0 8.0 7.5 7.5 16.0 15.0 - 5.5 15.0 12.5 11.5 12.5 18.5 21.5 7.0 9.0 16.0 14.0 17.5 12.5 5.0 14.5 18.0 23.0 10.5 20.0 5.5 13.5 4.0 14.0
PL 43 Omaha 17.0 5.0 3.5 10.5 7.5 10.5 14.0 14.0 5.5 - 13.0 16.0 9.5 10.5 16.0 17.5 5.5 5.5 15.5 13.5 17.0 10.5 10.0 19.0 17.5 18.0 7.5 15.0 4.0 15.0 8.5 12.5
NE 44 Philadelphia 12.5 9.0 12.0 11.0 8.5 12.5 1.0 3.5 15.0 13.0 - 27.0 3.5 23.5 4.5 30.0 18.5 17.0 28.5 2.5 30.0 23.5 18.0 29.5 31.0 29.5 13.5 26.5 9.5 11.0 19.0 1.5
SW 45 Phoenix 26.0 19.5 19.5 17.5 19.5 16.0 28.0 26.5 12.5 16.0 27.0 - 23.5 14.0 30.5 16.0 9.5 16.0 10.5 26.5 9.0 12.0 10.5 4.0 9.0 18.0 13.0 20.0 18.0 24.0 8.5 26.5
NE 46 Pittsburgh 14.0 5.5 8.5 10.5 6.0 11.5 4.5 5.0 11.5 9.5 3.5 23.5 - 20.0 8.0 26.5 15.0 13.5 25.0 4.0 26.5 20.0 15.5 26.0 27.5 26.0 12.0 23.0 6.0 12.5 15.5 3.0
NW 47 Pocatello 27.5 15.5 13.5 22.5 19.0 18.5 24.5 24.5 12.5 10.5 23.5 14.0 20.0 - 27.0 7.0 7.5 10.0 7.0 24.0 8.5 1.5 17.5 11.0 9.0 9.0 15.5 6.0 14.5 25.5 11.0 23.0
NE 48 Portland ME 17.0 12.0 15.5 14.5 13.0 16.5 3.5 8.0 18.5 16.0 4.5 30.5 8.0 27.0 - 33.5 22.0 21.5 31.5 7.0 33.5 26.5 22.5 33.5 34.0 32.5 18.0 29.5 13.0 15.0 22.0 5.5
NW 49 Portland OR 35.0 21.5 18.0 28.5 25.0 27.5 31.0 32.0 21.5 17.5 30.0 16.0 26.5 7.0 33.5 - 14.5 14.5 7.5 31.0 6.5 9.0 25.0 13.0 7.0 2.0 24.0 3.5 22.0 33.0 18.5 30.0
PL 50 Pueblo 21.5 11.5 9.5 14.0 12.5 13.5 19.5 19.0 7.0 5.5 18.5 9.5 15.0 7.5 22.0 14.5 - 6.5 12.0 18.5 13.5 6.5 9.5 13.5 14.0 16.0 10.0 13.0 9.0 20.0 3.5 18.0
NW 51 Rapid City 22.5 9.0 5.0 16.0 13.0 15.5 18.0 19.5 9.0 5.5 17.0 16.0 13.5 10.0 21.5 14.5 6.5 - 15.5 19.0 17.0 9.5 15.0 18.5 17.5 14.0 13.0 11.0 9.5 20.5 11.0 18.0
SW 52 Reno 33.0 20.5 19.0 25.0 23.0 22.0 29.5 28.5 16.0 15.5 28.5 10.5 25.0 7.0 31.5 7.5 12.0 15.5 - 28.0 1.5 5.5 20.0 8.5 2.5 9.5 21.0 11.0 20.5 31.0 15.5 28.0
SE 53 Richmond 10.0 9.5 12.5 9.5 7.0 10.5 3.5 1.0 14.0 13.5 2.5 26.5 4.0 24.0 7.0 31.0 18.5 19.0 28.0 - 30.5 23.5 16.5 28.5 31.0 30.0 12.0 27.0 9.0 8.5 18.0 1.0
SW 54 Sacramento 33.5 22.0 20.5 26.0 24.5 23.5 31.0 31.0 17.5 17.0 30.0 9.0 26.5 8.5 33.5 6.5 13.5 17.0 1.5 30.5 - 7.0 19.0 6.5 1.0 8.5 21.5 10.0 21.0 31.5 14.5 29.5
NW 55 Salt Lake City 27.0 15.0 13.5 19.5 19.0 18.5 24.0 24.5 12.5 10.5 23.5 12.0 20.0 1.5 26.5 9.0 6.5 9.5 5.5 23.5 7.0 - 16.0 9.0 8.0 10.5 15.0 8.0 14.5 25.0 9.5 23.0
SC 56 San Antonio 15.5 13.0 12.5 7.0 10.0 5.5 19.0 16.0 5.0 10.0 18.0 10.5 15.5 17.5 22.5 25.0 9.5 15.0 20.0 16.5 19.0 16.0 - 17.0 19.0 26.5 5.0 23.5 9.0 13.5 7.0 17.0
SW 57 San Diego 29.0 23.0 22.5 21.0 21.5 19.5 30.5 28.0 14.5 19.0 29.5 4.0 26.0 11.0 33.5 13.0 13.5 18.5 8.5 28.5 6.5 9.0 17.0 - 6.0 15.0 16.5 17.0 20.0 27.0 11.0 28.5
SW 58 San Fran/Oakland 33.5 22.5 21.0 26.0 25.5 24.5 31.5 32.0 18.0 17.5 31.0 9.0 27.5 9.0 34.0 7.0 14.0 17.5 2.5 31.0 1.0 8.0 19.0 6.0 - 9.0 21.5 11.0 22.0 31.5 14.5 30.5
NW 59 Seattle 35.0 21.0 17.5 28.0 25.5 29.0 30.5 31.0 23.0 18.0 29.5 18.0 26.0 9.0 32.5 2.0 16.0 14.0 9.5 30.0 8.5 10.5 26.5 15.0 9.0 - 26.0 3.0 22.0 33.0 20.5 29.0
SC 60 Shreveport 12.5 8.5 10.5 4.5 6.5 3.0 15.5 12.0 10.5 7.5 13.5 13.0 12.0 15.5 18.0 24.0 10.0 13.0 21.0 12.0 21.5 15.0 5.0 16.5 21.5 26.0 - 22.5 8.5 11.0 6.5 12.0
NW 61 Spokane 32.0 18.0 14.5 25.0 22.5 26.0 27.5 28.0 20.0 15.0 26.5 20.0 23.0 6.0 29.5 3.5 13.0 11.0 11.0 27.0 10.0 8.0 23.5 17.0 11.0 3.0 22.5 - 19.0 30.0 17.5 26.0
NC 62 St. Louis 13.0 3.5 5.5 6.5 3.0 7.0 10.5 10.0 5.5 4.0 9.5 18.0 6.0 14.5 13.0 22.0 9.0 9.5 20.5 9.0 21.0 14.5 9.0 20.0 22.0 22.0 8.5 19.0 - 11.0 9.5 9.0
SE 63 Tampa 2.0 13.5 16.5 6.5 8.0 8.0 12.0 8.0 13.5 15.0 11.0 24.0 12.5 25.5 15.0 33.0 20.0 20.5 31.0 8.5 31.5 25.0 13.5 27.0 31.5 33.0 11.0 30.0 11.0 - 17.5 9.5
SW 64 Tucumcari 19.5 11.0 11.5 11.5 11.0 10.0 20.0 18.5 4.0 8.5 19.0 8.5 15.5 11.0 22.0 18.5 3.5 11.0 15.5 18.0 14.5 9.5 7.0 11.0 14.5 20.5 6.5 17.5 9.5 17.5 - 18.0
NE 65 Washington DC 11.0 8.5 11.5 10.0 7.0 11.0 2.0 2.5 14.0 12.5 1.5 26.5 3.0 23.0 5.5 30.0 18.0 18.0 28.0 1.0 29.5 23.0 17.0 28.5 30.5 29.0 12.0 26.0 9.0 9.5 18.0 -"